{
 "cells": [
  {
   "cell_type": "markdown",
   "id": "3b7c51a2",
   "metadata": {},
   "source": [
    "## 0 Imports"
   ]
  },
  {
   "cell_type": "code",
   "execution_count": 90,
   "id": "3947e203",
   "metadata": {},
   "outputs": [],
   "source": [
    "import numpy as np\n",
    "import tensorflow as tf\n",
    "import matplotlib.pyplot as plt\n",
    "import pandas as pd\n",
    "import gpflow\n",
    "from gpflow.kernels import SquaredExponential, SharedIndependent, SeparateIndependent\n",
    "from gpflow.inducing_variables import SharedIndependentInducingVariables, InducingPoints\n",
    "from gpflow.utilities import print_summary\n",
    "from gpflow.ci_utils import ci_niter\n",
    "\n",
    "from GWP.BANNER.src.models.WishartProcess import WishartProcess\n",
    "from GWP.BANNER.util.training_util import run_adam\n",
    "from GWP.BANNER.src.kernels.PartlySharedIndependentMOK import PartlySharedIndependentMultiOutput\n",
    "from GWP.BANNER.src.likelihoods.WishartProcessLikelihood import WishartLikelihood\n"
   ]
  },
  {
   "cell_type": "markdown",
   "id": "911e6495",
   "metadata": {},
   "source": [
    "## 1 Generate data "
   ]
  },
  {
   "cell_type": "code",
   "execution_count": 91,
   "id": "1ef591d0",
   "metadata": {},
   "outputs": [],
   "source": [
    "def simulate_wishart_process(D=5, T=10, N=100, A=None, nu=None):\n",
    "    \"\"\"\n",
    "    :param D: Number of observed variables.\n",
    "    :param T: Length of time series.\n",
    "    :param N: Number of samples.\n",
    "    :param A: Cholesky decomposition of the Wishart scaling matrix, i.e. V=AA^T. Defaults to the identity.\n",
    "    :param nu: The Wishart degrees of freedom. Defaults to D+1.\n",
    "    :return: A sample from the Wishart process \\Sigma(x)\n",
    "    \"\"\"\n",
    "\n",
    "    def sample_gp(X, kernel, nsamples):\n",
    "        \"\"\"\n",
    "        :param X: Input locations.\n",
    "        :param kernel: GP kernel.\n",
    "        :param nsamples: Number of samples.\n",
    "        :return: Generates samples from a GP with known kernel.\n",
    "        \"\"\"\n",
    "\n",
    "        K = kernel.K(X) + 1e-6 * np.eye(N)\n",
    "        L = np.linalg.cholesky(K)\n",
    "        z = np.random.normal(size=(N, nsamples))\n",
    "        return np.dot(L, z)  # N x nsamples\n",
    "\n",
    "    #\n",
    "    if A is None:\n",
    "        A = np.eye(D)\n",
    "\n",
    "    # Number of latent GPs (aka degrees-of-freedom)\n",
    "    if nu is None:\n",
    "        nu = D + 1\n",
    "\n",
    "    # Generate input\n",
    "    X = np.tile(np.linspace(0, T, N), (D, 1)).T\n",
    "   \n",
    "    # True dynamic properties of each of D variables. We pick some random lengthscales and variances within some bounds.\n",
    "    true_lengthscale = np.random.permutation(np.linspace(0.05 * T, 0.3 * T, num=D))\n",
    "    true_variance = 1 + 0.5*np.random.uniform(size=D)\n",
    "\n",
    "    # The true kernel is a distinct kernel for each latent GP. Across the degrees of freedom (\\nu), the same kernel is\n",
    "    # used.\n",
    "    kernels = [SquaredExponential(lengthscales=true_lengthscale[i], variance=true_variance[i]) for i in range(D)]\n",
    "\n",
    "    # Latent GPs\n",
    "    u = np.zeros((D, nu, N))\n",
    "    for i in range(D):\n",
    "        u[i, :, :] = sample_gp(X, kernels[i], nsamples=nu).T\n",
    "\n",
    "    Sigma = np.zeros((N, D, D))\n",
    "    for t in range(N):\n",
    "        Sigma[t, :, :] = np.dot(np.dot(A, np.dot(u[:, :, t], u[:, :, t].T)), A.T)\n",
    "\n",
    "    return X, Sigma, true_lengthscale, true_variance\n",
    "\n",
    "def sample_observations(Sigma, mu=None):\n",
    "    \"\"\"\n",
    "    :param Sigma: Generalised Wishart Process, i.e. covariance process\n",
    "    :param mu: Mean function.\n",
    "    :return: Returns N x D matrix Y, containing one observation for each 'time point'.\n",
    "    \"\"\"\n",
    "\n",
    "    N, D, _ = Sigma.shape\n",
    "    if mu is None:\n",
    "        mu = np.zeros(D)\n",
    "\n",
    "    Y = np.zeros((N, D))\n",
    "    for t in range(N):\n",
    "        Y[t, :] = np.random.multivariate_normal(mean=mu, cov=Sigma[t, :, :])\n",
    "    return Y"
   ]
  },
  {
   "cell_type": "code",
   "execution_count": 92,
   "id": "3aed2ed8",
   "metadata": {},
   "outputs": [
    {
     "name": "stdout",
     "output_type": "stream",
     "text": [
      "(100, 3)\n",
      "(100, 3)\n",
      "[[[ 1.07684957e+00  1.98398507e+00  1.39077776e+00]\n",
      "  [ 1.98398507e+00  6.40410472e+00  2.63362963e+00]\n",
      "  [ 1.39077776e+00  2.63362963e+00  3.31721872e+00]]\n",
      "\n",
      " [[ 8.81739022e-01  1.98060189e+00  1.17554835e+00]\n",
      "  [ 1.98060189e+00  7.36317769e+00  2.75509183e+00]\n",
      "  [ 1.17554835e+00  2.75509183e+00  2.98999275e+00]]\n",
      "\n",
      " [[ 8.11222250e-01  2.00361192e+00  9.75126029e-01]\n",
      "  [ 2.00361192e+00  7.39872910e+00  2.54240398e+00]\n",
      "  [ 9.75126029e-01  2.54240398e+00  2.65752833e+00]]\n",
      "\n",
      " [[ 8.86280526e-01  1.92467283e+00  7.93723195e-01]\n",
      "  [ 1.92467283e+00  5.39239707e+00  2.16794242e+00]\n",
      "  [ 7.93723195e-01  2.16794242e+00  2.35434860e+00]]\n",
      "\n",
      " [[ 1.12239742e+00  1.41596313e+00  6.45662117e-01]\n",
      "  [ 1.41596313e+00  2.43737999e+00  1.68324254e+00]\n",
      "  [ 6.45662117e-01  1.68324254e+00  2.05664248e+00]]\n",
      "\n",
      " [[ 1.53300213e+00  4.22678347e-01  5.38186673e-01]\n",
      "  [ 4.22678347e-01  1.02129400e+00  1.09740293e+00]\n",
      "  [ 5.38186673e-01  1.09740293e+00  1.81414178e+00]]\n",
      "\n",
      " [[ 2.08835613e+00 -6.58344291e-01  4.76668968e-01]\n",
      "  [-6.58344291e-01  1.11949412e+00  5.43541315e-01]\n",
      "  [ 4.76668968e-01  5.43541315e-01  1.62940852e+00]]\n",
      "\n",
      " [[ 2.78295946e+00 -1.32942376e+00  4.65395518e-01]\n",
      "  [-1.32942376e+00  1.23567096e+00  2.39292175e-01]\n",
      "  [ 4.65395518e-01  2.39292175e-01  1.52197368e+00]]\n",
      "\n",
      " [[ 3.58088619e+00 -1.48714010e+00  5.09567825e-01]\n",
      "  [-1.48714010e+00  1.33258754e+00  1.70592928e-01]\n",
      "  [ 5.09567825e-01  1.70592928e-01  1.49622600e+00]]\n",
      "\n",
      " [[ 4.44849902e+00 -1.53039028e+00  6.15781241e-01]\n",
      "  [-1.53039028e+00  2.33966227e+00  3.80285628e-02]\n",
      "  [ 6.15781241e-01  3.80285628e-02  1.56660477e+00]]\n",
      "\n",
      " [[ 5.38890219e+00 -1.85587711e+00  7.91516658e-01]\n",
      "  [-1.85587711e+00  4.14069647e+00 -3.81673035e-01]\n",
      "  [ 7.91516658e-01 -3.81673035e-01  1.74241410e+00]]\n",
      "\n",
      " [[ 6.34943236e+00 -2.58870989e+00  1.03602492e+00]\n",
      "  [-2.58870989e+00  5.51474190e+00 -1.01133459e+00]\n",
      "  [ 1.03602492e+00 -1.01133459e+00  2.02327234e+00]]\n",
      "\n",
      " [[ 7.30083965e+00 -3.65027312e+00  1.36225812e+00]\n",
      "  [-3.65027312e+00  5.88010562e+00 -1.64287822e+00]\n",
      "  [ 1.36225812e+00 -1.64287822e+00  2.40390871e+00]]\n",
      "\n",
      " [[ 8.24120467e+00 -4.96240000e+00  1.76512564e+00]\n",
      "  [-4.96240000e+00  6.21836454e+00 -2.19010916e+00]\n",
      "  [ 1.76512564e+00 -2.19010916e+00  2.88453670e+00]]\n",
      "\n",
      " [[ 9.12497323e+00 -5.97555612e+00  2.21703399e+00]\n",
      "  [-5.97555612e+00  6.95216691e+00 -2.56908398e+00]\n",
      "  [ 2.21703399e+00 -2.56908398e+00  3.44265869e+00]]\n",
      "\n",
      " [[ 9.87773060e+00 -5.66345782e+00  2.71404388e+00]\n",
      "  [-5.66345782e+00  6.69118089e+00 -2.48720274e+00]\n",
      "  [ 2.71404388e+00 -2.48720274e+00  4.07059715e+00]]\n",
      "\n",
      " [[ 1.05280008e+01 -3.33443683e+00  3.24109522e+00]\n",
      "  [-3.33443683e+00  4.88140734e+00 -1.60990885e+00]\n",
      "  [ 3.24109522e+00 -1.60990885e+00  4.74968351e+00]]\n",
      "\n",
      " [[ 1.09571726e+01  5.20291429e-01  3.74391954e+00]\n",
      "  [ 5.20291429e-01  3.87365662e+00  2.74883631e-02]\n",
      "  [ 3.74391954e+00  2.74883631e-02  5.43815349e+00]]\n",
      "\n",
      " [[ 1.11286177e+01  4.34395158e+00  4.20625974e+00]\n",
      "  [ 4.34395158e+00  5.56617297e+00  1.95732019e+00]\n",
      "  [ 4.20625974e+00  1.95732019e+00  6.13878452e+00]]\n",
      "\n",
      " [[ 1.10653803e+01  6.75224910e+00  4.60326257e+00]\n",
      "  [ 6.75224910e+00  8.29435802e+00  3.77279202e+00]\n",
      "  [ 4.60326257e+00  3.77279202e+00  6.82141750e+00]]\n",
      "\n",
      " [[ 1.06754821e+01  7.49921832e+00  4.88193764e+00]\n",
      "  [ 7.49921832e+00  9.72609414e+00  5.47050389e+00]\n",
      "  [ 4.88193764e+00  5.47050389e+00  7.45929911e+00]]\n",
      "\n",
      " [[ 1.00193176e+01  7.25699487e+00  5.02366395e+00]\n",
      "  [ 7.25699487e+00  9.79913971e+00  7.15253512e+00]\n",
      "  [ 5.02366395e+00  7.15253512e+00  8.03411498e+00]]\n",
      "\n",
      " [[ 9.06846623e+00  6.75882805e+00  5.01575300e+00]\n",
      "  [ 6.75882805e+00  1.00729091e+01  8.74092734e+00]\n",
      "  [ 5.01575300e+00  8.74092734e+00  8.53054458e+00]]\n",
      "\n",
      " [[ 7.92256138e+00  6.17536670e+00  4.86107511e+00]\n",
      "  [ 6.17536670e+00  1.10456940e+01  9.76822077e+00]\n",
      "  [ 4.86107511e+00  9.76822077e+00  8.94466409e+00]]\n",
      "\n",
      " [[ 6.62912610e+00  5.12918274e+00  4.55766200e+00]\n",
      "  [ 5.12918274e+00  1.09310049e+01  9.68224864e+00]\n",
      "  [ 4.55766200e+00  9.68224864e+00  9.25812593e+00]]\n",
      "\n",
      " [[ 5.27178467e+00  3.39563092e+00  4.10963387e+00]\n",
      "  [ 3.39563092e+00  8.01415206e+00  8.13818901e+00]\n",
      "  [ 4.10963387e+00  8.13818901e+00  9.47765583e+00]]\n",
      "\n",
      " [[ 3.95393573e+00  1.44176920e+00  3.57464233e+00]\n",
      "  [ 1.44176920e+00  3.68953443e+00  5.22101552e+00]\n",
      "  [ 3.57464233e+00  5.22101552e+00  9.61378559e+00]]\n",
      "\n",
      " [[ 2.74991018e+00  5.97728869e-02  2.96527450e+00]\n",
      "  [ 5.97728869e-02  1.00739834e+00  1.55555985e+00]\n",
      "  [ 2.96527450e+00  1.55555985e+00  9.67182601e+00]]\n",
      "\n",
      " [[ 1.74211791e+00 -4.00234368e-01  2.32353434e+00]\n",
      "  [-4.00234368e-01  1.42850870e+00 -1.92687729e+00]\n",
      "  [ 2.32353434e+00 -1.92687729e+00  9.63913761e+00]]\n",
      "\n",
      " [[ 9.76479980e-01 -1.83372907e-01  1.68899682e+00]\n",
      "  [-1.83372907e-01  4.14228730e+00 -4.23956350e+00]\n",
      "  [ 1.68899682e+00 -4.23956350e+00  9.56567046e+00]]\n",
      "\n",
      " [[ 4.81819938e-01  2.81442766e-01  1.10133357e+00]\n",
      "  [ 2.81442766e-01  6.69492216e+00 -4.80780792e+00]\n",
      "  [ 1.10133357e+00 -4.80780792e+00  9.44363592e+00]]\n",
      "\n",
      " [[ 2.52937633e-01  6.58070381e-01  6.05159433e-01]\n",
      "  [ 6.58070381e-01  7.27660004e+00 -3.63360562e+00]\n",
      "  [ 6.05159433e-01 -3.63360562e+00  9.27446083e+00]]\n",
      "\n",
      " [[ 2.64028089e-01  7.64545961e-01  2.30573088e-01]\n",
      "  [ 7.64545961e-01  6.22147046e+00 -1.31081315e+00]\n",
      "  [ 2.30573088e-01 -1.31081315e+00  9.09645502e+00]]\n",
      "\n",
      " [[ 4.71914898e-01  5.72028371e-01 -1.87041219e-03]\n",
      "  [ 5.72028371e-01  5.10393305e+00  1.30078892e+00]\n",
      "  [-1.87041219e-03  1.30078892e+00  8.92809398e+00]]\n",
      "\n",
      " [[ 8.25091314e-01  3.09074557e-01 -7.81732981e-02]\n",
      "  [ 3.09074557e-01  4.63353648e+00  3.33499887e+00]\n",
      "  [-7.81732981e-02  3.33499887e+00  8.74887637e+00]]\n",
      "\n",
      " [[ 1.26867860e+00  2.88425600e-01  2.16935425e-03]\n",
      "  [ 2.88425600e-01  4.52732802e+00  4.32302946e+00]\n",
      "  [ 2.16935425e-03  4.32302946e+00  8.57912184e+00]]\n",
      "\n",
      " [[ 1.76732254e+00  6.57985912e-01  2.40694407e-01]\n",
      "  [ 6.57985912e-01  4.86813079e+00  4.34450433e+00]\n",
      "  [ 2.40694407e-01  4.34450433e+00  8.42315797e+00]]\n",
      "\n",
      " [[ 2.29818739e+00  1.26881953e+00  6.01375517e-01]\n",
      "  [ 1.26881953e+00  5.69121522e+00  3.78943696e+00]\n",
      "  [ 6.01375517e-01  3.78943696e+00  8.28510688e+00]]\n",
      "\n",
      " [[ 2.83666436e+00  1.86635351e+00  1.06464715e+00]\n",
      "  [ 1.86635351e+00  6.50701993e+00  3.09137064e+00]\n",
      "  [ 1.06464715e+00  3.09137064e+00  8.15961176e+00]]\n",
      "\n",
      " [[ 3.38614541e+00  2.32210090e+00  1.59002262e+00]\n",
      "  [ 2.32210090e+00  7.02707791e+00  2.63672570e+00]\n",
      "  [ 1.59002262e+00  2.63672570e+00  8.01981196e+00]]\n",
      "\n",
      " [[ 3.95261183e+00  2.71087842e+00  2.14382591e+00]\n",
      "  [ 2.71087842e+00  7.54921263e+00  2.59450964e+00]\n",
      "  [ 2.14382591e+00  2.59450964e+00  7.92471556e+00]]\n",
      "\n",
      " [[ 4.49240637e+00  3.21852298e+00  2.67774137e+00]\n",
      "  [ 3.21852298e+00  8.18450555e+00  2.70784665e+00]\n",
      "  [ 2.67774137e+00  2.70784665e+00  7.83114057e+00]]\n",
      "\n",
      " [[ 4.99859430e+00  3.78151718e+00  3.14608637e+00]\n",
      "  [ 3.78151718e+00  8.27842433e+00  2.43338003e+00]\n",
      "  [ 3.14608637e+00  2.43338003e+00  7.73464685e+00]]\n",
      "\n",
      " [[ 5.43006055e+00  4.10732375e+00  3.52926888e+00]\n",
      "  [ 4.10732375e+00  7.46058582e+00  1.40408630e+00]\n",
      "  [ 3.52926888e+00  1.40408630e+00  7.65296449e+00]]\n",
      "\n",
      " [[ 5.74341069e+00  3.99176323e+00  3.79510948e+00]\n",
      "  [ 3.99176323e+00  6.55505387e+00 -1.43679302e-01]\n",
      "  [ 3.79510948e+00 -1.43679302e-01  7.58180781e+00]]\n",
      "\n",
      " [[ 5.90888002e+00  3.60016826e+00  3.92136651e+00]\n",
      "  [ 3.60016826e+00  6.26284245e+00 -1.53585306e+00]\n",
      "  [ 3.92136651e+00 -1.53585306e+00  7.49421044e+00]]\n",
      "\n",
      " [[ 5.88153913e+00  3.25184753e+00  3.92082709e+00]\n",
      "  [ 3.25184753e+00  5.90132542e+00 -2.12811386e+00]\n",
      "  [ 3.92082709e+00 -2.12811386e+00  7.42326109e+00]]\n",
      "\n",
      " [[ 5.64965961e+00  3.00518066e+00  3.76956284e+00]\n",
      "  [ 3.00518066e+00  4.63830268e+00 -1.79110598e+00]\n",
      "  [ 3.76956284e+00 -1.79110598e+00  7.34656686e+00]]\n",
      "\n",
      " [[ 5.24486669e+00  2.56878422e+00  3.49765652e+00]\n",
      "  [ 2.56878422e+00  2.81467931e+00 -9.79520379e-01]\n",
      "  [ 3.49765652e+00 -9.79520379e-01  7.27514307e+00]]\n",
      "\n",
      " [[ 4.70147325e+00  1.82896652e+00  3.11227307e+00]\n",
      "  [ 1.82896652e+00  1.26623383e+00 -1.89123531e-01]\n",
      "  [ 3.11227307e+00 -1.89123531e-01  7.19168528e+00]]\n",
      "\n",
      " [[ 4.08327287e+00  1.02829936e+00  2.63682565e+00]\n",
      "  [ 1.02829936e+00  4.09035623e-01  4.42277690e-01]\n",
      "  [ 2.63682565e+00  4.42277690e-01  7.13691194e+00]]\n",
      "\n",
      " [[ 3.44828319e+00  4.71300018e-01  2.08822754e+00]\n",
      "  [ 4.71300018e-01  2.15003994e-01  1.07431723e+00]\n",
      "  [ 2.08822754e+00  1.07431723e+00  7.06063455e+00]]\n",
      "\n",
      " [[ 2.92184782e+00  1.06684188e-01  1.49739764e+00]\n",
      "  [ 1.06684188e-01  5.11722596e-01  1.81729188e+00]\n",
      "  [ 1.49739764e+00  1.81729188e+00  6.99738665e+00]]\n",
      "\n",
      " [[ 2.52854100e+00 -2.64710894e-01  8.75093691e-01]\n",
      "  [-2.64710894e-01  1.15637427e+00  2.58810388e+00]\n",
      "  [ 8.75093691e-01  2.58810388e+00  6.94189140e+00]]\n",
      "\n",
      " [[ 2.34380747e+00 -6.42044104e-01  2.60713342e-01]\n",
      "  [-6.42044104e-01  1.95021217e+00  3.23934674e+00]\n",
      "  [ 2.60713342e-01  3.23934674e+00  6.85861222e+00]]\n",
      "\n",
      " [[ 2.39423027e+00 -8.93272695e-01 -3.37491721e-01]\n",
      "  [-8.93272695e-01  2.64101510e+00  3.70865567e+00]\n",
      "  [-3.37491721e-01  3.70865567e+00  6.78787561e+00]]\n",
      "\n",
      " [[ 2.68063168e+00 -1.08944587e+00 -8.83142271e-01]\n",
      "  [-1.08944587e+00  3.33527380e+00  3.99556822e+00]\n",
      "  [-8.83142271e-01  3.99556822e+00  6.69553788e+00]]\n",
      "\n",
      " [[ 3.15650002e+00 -1.38883445e+00 -1.36863952e+00]\n",
      "  [-1.38883445e+00  4.06300687e+00  4.03383485e+00]\n",
      "  [-1.36863952e+00  4.03383485e+00  6.61199038e+00]]\n",
      "\n",
      " [[ 3.78088075e+00 -1.66650594e+00 -1.77187154e+00]\n",
      "  [-1.66650594e+00  3.90983379e+00  3.68433815e+00]\n",
      "  [-1.77187154e+00  3.68433815e+00  6.51417810e+00]]\n",
      "\n",
      " [[ 4.47589157e+00 -1.57628229e+00 -2.07196340e+00]\n",
      "  [-1.57628229e+00  2.46292818e+00  2.99096938e+00]\n",
      "  [-2.07196340e+00  2.99096938e+00  6.39629602e+00]]\n",
      "\n",
      " [[ 5.13333510e+00 -1.01568253e+00 -2.28317552e+00]\n",
      "  [-1.01568253e+00  1.03230540e+00  2.15076167e+00]\n",
      "  [-2.28317552e+00  2.15076167e+00  6.26902115e+00]]\n",
      "\n",
      " [[ 5.74277204e+00 -3.95768811e-01 -2.38551967e+00]\n",
      "  [-3.95768811e-01  1.06305539e+00  1.42293632e+00]\n",
      "  [-2.38551967e+00  1.42293632e+00  6.12208435e+00]]\n",
      "\n",
      " [[ 6.20909880e+00 -2.33862109e-01 -2.39854188e+00]\n",
      "  [-2.33862109e-01  2.35901432e+00  9.57832293e-01]\n",
      "  [-2.39854188e+00  9.57832293e-01  5.98277097e+00]]\n",
      "\n",
      " [[ 6.54538676e+00 -6.92815784e-01 -2.32844904e+00]\n",
      "  [-6.92815784e-01  3.75384034e+00  8.33425526e-01]\n",
      "  [-2.32844904e+00  8.33425526e-01  5.81992840e+00]]\n",
      "\n",
      " [[ 6.73376063e+00 -1.43346163e+00 -2.19739685e+00]\n",
      "  [-1.43346163e+00  4.32835279e+00  8.77373274e-01]\n",
      "  [-2.19739685e+00  8.77373274e-01  5.65429171e+00]]\n",
      "\n",
      " [[ 6.80960590e+00 -1.85427590e+00 -2.03003401e+00]\n",
      "  [-1.85427590e+00  4.02556222e+00  7.98257155e-01]\n",
      "  [-2.03003401e+00  7.98257155e-01  5.48174864e+00]]\n",
      "\n",
      " [[ 6.80301740e+00 -1.55231927e+00 -1.83538805e+00]\n",
      "  [-1.55231927e+00  3.44615361e+00  4.75670410e-01]\n",
      "  [-1.83538805e+00  4.75670410e-01  5.29577153e+00]]\n",
      "\n",
      " [[ 6.74912018e+00 -6.48397217e-01 -1.65077858e+00]\n",
      "  [-6.48397217e-01  3.29326310e+00  7.49282989e-02]\n",
      "  [-1.65077858e+00  7.49282989e-02  5.11490323e+00]]\n",
      "\n",
      " [[ 6.67520697e+00  2.03142290e-01 -1.47407104e+00]\n",
      "  [ 2.03142290e-01  3.62793072e+00 -2.17929232e-01]\n",
      "  [-1.47407104e+00 -2.17929232e-01  4.93915784e+00]]\n",
      "\n",
      " [[ 6.62263191e+00  3.55599902e-01 -1.33249434e+00]\n",
      "  [ 3.55599902e-01  3.44919665e+00 -3.53298420e-01]\n",
      "  [-1.33249434e+00 -3.53298420e-01  4.75687850e+00]]\n",
      "\n",
      " [[ 6.60310536e+00 -2.71018684e-01 -1.23549496e+00]\n",
      "  [-2.71018684e-01  2.07800761e+00 -3.55737729e-01]\n",
      "  [-1.23549496e+00 -3.55737729e-01  4.57426697e+00]]\n",
      "\n",
      " [[ 6.60794513e+00 -1.02806341e+00 -1.17930638e+00]\n",
      "  [-1.02806341e+00  6.35958075e-01 -3.18774020e-01]\n",
      "  [-1.17930638e+00 -3.18774020e-01  4.39652459e+00]]\n",
      "\n",
      " [[ 6.61524898e+00 -1.17328051e+00 -1.18519137e+00]\n",
      "  [-1.17328051e+00  1.12555224e+00 -3.75364966e-01]\n",
      "  [-1.18519137e+00 -3.75364966e-01  4.23161611e+00]]\n",
      "\n",
      " [[ 6.62318610e+00 -6.34281324e-01 -1.22857857e+00]\n",
      "  [-6.34281324e-01  3.37208866e+00 -7.22518761e-01]\n",
      "  [-1.22857857e+00 -7.22518761e-01  4.08328575e+00]]\n",
      "\n",
      " [[ 6.62172951e+00 -2.04043349e-02 -1.33576738e+00]\n",
      "  [-2.04043349e-02  4.45156151e+00 -1.46841737e+00]\n",
      "  [-1.33576738e+00 -1.46841737e+00  3.94530799e+00]]\n",
      "\n",
      " [[ 6.56540383e+00 -7.77653449e-03 -1.46641063e+00]\n",
      "  [-7.77653449e-03  3.77830515e+00 -2.50122239e+00]\n",
      "  [-1.46641063e+00 -2.50122239e+00  3.82592238e+00]]\n",
      "\n",
      " [[ 6.46190866e+00 -6.82268966e-01 -1.63394249e+00]\n",
      "  [-6.82268966e-01  4.37444039e+00 -3.48811292e+00]\n",
      "  [-1.63394249e+00 -3.48811292e+00  3.72602745e+00]]\n",
      "\n",
      " [[ 6.28200472e+00 -1.57384084e+00 -1.82176856e+00]\n",
      "  [-1.57384084e+00  6.88239415e+00 -3.99876491e+00]\n",
      "  [-1.82176856e+00 -3.99876491e+00  3.63550719e+00]]\n",
      "\n",
      " [[ 6.03102503e+00 -2.15027482e+00 -2.02098255e+00]\n",
      "  [-2.15027482e+00  8.66262006e+00 -3.79454594e+00]\n",
      "  [-2.02098255e+00 -3.79454594e+00  3.57653439e+00]]\n",
      "\n",
      " [[ 5.74191658e+00 -2.29791047e+00 -2.22402811e+00]\n",
      "  [-2.29791047e+00  8.42456901e+00 -2.96240993e+00]\n",
      "  [-2.22402811e+00 -2.96240993e+00  3.54200090e+00]]\n",
      "\n",
      " [[ 5.42892972e+00 -2.11941901e+00 -2.42587732e+00]\n",
      "  [-2.11941901e+00  6.93850925e+00 -1.87871579e+00]\n",
      "  [-2.42587732e+00 -1.87871579e+00  3.53434536e+00]]\n",
      "\n",
      " [[ 5.13310930e+00 -1.65165410e+00 -2.62169868e+00]\n",
      "  [-1.65165410e+00  4.87311475e+00 -9.56516183e-01]\n",
      "  [-2.62169868e+00 -9.56516183e-01  3.55650352e+00]]\n",
      "\n",
      " [[ 4.91220060e+00 -8.01336109e-01 -2.80055254e+00]\n",
      "  [-8.01336109e-01  2.57568839e+00 -4.53235616e-01]\n",
      "  [-2.80055254e+00 -4.53235616e-01  3.60229822e+00]]\n",
      "\n",
      " [[ 4.78376144e+00  3.80691206e-01 -2.95504380e+00]\n",
      "  [ 3.80691206e-01  1.18444824e+00 -4.17165509e-01]\n",
      "  [-2.95504380e+00 -4.17165509e-01  3.68308649e+00]]\n",
      "\n",
      " [[ 4.78357418e+00  1.56933596e+00 -3.08786564e+00]\n",
      "  [ 1.56933596e+00  1.79204918e+00 -7.40236952e-01]\n",
      "  [-3.08786564e+00 -7.40236952e-01  3.77755312e+00]]\n",
      "\n",
      " [[ 4.95899881e+00  2.40543028e+00 -3.20774848e+00]\n",
      "  [ 2.40543028e+00  3.46095642e+00 -1.12755940e+00]\n",
      "  [-3.20774848e+00 -1.12755940e+00  3.91369143e+00]]\n",
      "\n",
      " [[ 5.28989287e+00  2.81458019e+00 -3.29131222e+00]\n",
      "  [ 2.81458019e+00  4.28975122e+00 -1.15985684e+00]\n",
      "  [-3.29131222e+00 -1.15985684e+00  4.05996661e+00]]\n",
      "\n",
      " [[ 5.78230625e+00  3.05678435e+00 -3.34911802e+00]\n",
      "  [ 3.05678435e+00  4.21693642e+00 -6.87911698e-01]\n",
      "  [-3.34911802e+00 -6.87911698e-01  4.21860634e+00]]\n",
      "\n",
      " [[ 6.40692520e+00  3.44898745e+00 -3.38437943e+00]\n",
      "  [ 3.44898745e+00  4.48711304e+00  1.39005142e-02]\n",
      "  [-3.38437943e+00  1.39005142e-02  4.39867775e+00]]\n",
      "\n",
      " [[ 7.13781776e+00  4.15244762e+00 -3.41138979e+00]\n",
      "  [ 4.15244762e+00  5.23394393e+00  5.07361575e-01]\n",
      "  [-3.41138979e+00  5.07361575e-01  4.58030304e+00]]\n",
      "\n",
      " [[ 7.92996716e+00  4.99657358e+00 -3.40880904e+00]\n",
      "  [ 4.99657358e+00  5.64188791e+00  5.98533913e-01]\n",
      "  [-3.40880904e+00  5.98533913e-01  4.76208728e+00]]\n",
      "\n",
      " [[ 8.74745570e+00  5.53241837e+00 -3.38998947e+00]\n",
      "  [ 5.53241837e+00  5.30649637e+00  4.17727665e-01]\n",
      "  [-3.38998947e+00  4.17727665e-01  4.94531056e+00]]\n",
      "\n",
      " [[ 9.52556800e+00  5.30027527e+00 -3.37032998e+00]\n",
      "  [ 5.30027527e+00  4.14680393e+00  1.42851365e-01]\n",
      "  [-3.37032998e+00  1.42851365e-01  5.13000657e+00]]\n",
      "\n",
      " [[ 1.02407124e+01  4.28839392e+00 -3.31294854e+00]\n",
      "  [ 4.28839392e+00  2.62429960e+00 -1.53142358e-01]\n",
      "  [-3.31294854e+00 -1.53142358e-01  5.29375627e+00]]\n",
      "\n",
      " [[ 1.08619596e+01  2.93751026e+00 -3.23651558e+00]\n",
      "  [ 2.93751026e+00  1.74629297e+00 -5.09689228e-01]\n",
      "  [-3.23651558e+00 -5.09689228e-01  5.41692437e+00]]\n",
      "\n",
      " [[ 1.13367384e+01  1.85609328e+00 -3.14183435e+00]\n",
      "  [ 1.85609328e+00  2.03147975e+00 -8.59156005e-01]\n",
      "  [-3.14183435e+00 -8.59156005e-01  5.52648523e+00]]\n",
      "\n",
      " [[ 1.16836603e+01  1.34484238e+00 -3.01436075e+00]\n",
      "  [ 1.34484238e+00  2.99450144e+00 -9.38162220e-01]\n",
      "  [-3.01436075e+00 -9.38162220e-01  5.61009444e+00]]\n",
      "\n",
      " [[ 1.18862325e+01  1.32667204e+00 -2.84885958e+00]\n",
      "  [ 1.32667204e+00  3.93873252e+00 -6.27023698e-01]\n",
      "  [-2.84885958e+00 -6.27023698e-01  5.63544374e+00]]\n",
      "\n",
      " [[ 1.19292517e+01  1.38118054e+00 -2.64675221e+00]\n",
      "  [ 1.38118054e+00  4.63645780e+00 -1.66804809e-01]\n",
      "  [-2.64675221e+00 -1.66804809e-01  5.63380375e+00]]\n",
      "\n",
      " [[ 1.18357975e+01  1.12307562e+00 -2.39489808e+00]\n",
      "  [ 1.12307562e+00  4.75595548e+00 -1.35318892e-01]\n",
      "  [-2.39489808e+00 -1.35318892e-01  5.57382852e+00]]]\n"
     ]
    }
   ],
   "source": [
    "D, N, T = 3, 100, 4.0\n",
    "X, Sigma_true, true_lengthscale, true_variance = simulate_wishart_process(D=D, T=T, N=N)\n",
    "Y = sample_observations(Sigma_true, np.array([-3., 0, 3.]))\n",
    "print(Y.shape)\n",
    "print(X.shape)\n",
    "print(Sigma_true)"
   ]
  },
  {
   "cell_type": "code",
   "execution_count": 93,
   "id": "57ba0425",
   "metadata": {},
   "outputs": [
    {
     "name": "stdout",
     "output_type": "stream",
     "text": [
      "(100, 3)\n",
      "(100, 3)\n"
     ]
    },
    {
     "data": {
      "text/plain": [
       "<matplotlib.collections.PathCollection at 0x2240810d0b8>"
      ]
     },
     "execution_count": 93,
     "metadata": {},
     "output_type": "execute_result"
    },
    {
     "data": {
